C>A:G>T;C>G:G>C;C>T:G>A;T>A:A>T;T>C:A>G;T>G:A>C
SRR12351612;0;1;0;3;2;2
SRR12351634;0;2;1;3;2;0
SRR12351645;0;1;1;2;2;0
SRR12351651;0;2;2;2;0;0
SRR12351655;0;1;3;2;1;0
SRR12351663;0;0;4;2;0;0
SRR12351672;1;2;3;3;0;0
SRR12351679;0;1;1;3;0;1
SRR12351697;0;2;1;3;0;0
SRR12351704;0;1;1;2;2;0
SRR12351735;0;2;1;2;1;0
SRR12351741;0;2;0;4;0;0
SRR12351742;1;0;3;2;0;0
SRR12351746;1;1;2;2;1;0
SRR12351762;0;1;1;3;2;0
SRR12351767;0;1;4;2;1;0
SRR12351813;0;1;0;3;1;1
SRR12351824;0;1;1;4;2;0
SRR12351833;1;1;1;3;1;0
SRR12661005;1;0;9;5;10;1
SRR12661007;5;2;9;2;5;1
SRR12661012;3;0;0;0;1;2
SRR12661018;1;1;1;1;2;0
SRR12661023;1;2;15;0;1;2
SRR12661024;4;4;8;5;7;1
SRR12661026;3;0;3;1;4;2
SRR12661031;1;1;8;4;11;2
SRR12661054;1;0;5;0;0;1
SRR12661066;3;0;2;0;1;1
SRR12661073;1;0;7;2;2;1
SRR12661079;1;1;6;3;11;3
SRR12661080;3;5;20;4;12;0
SRR12661082;1;1;6;2;4;1
SRR12661091;5;0;11;1;11;1
SRR12661093;0;3;5;0;4;2
SRR12661096;2;2;19;1;3;1
SRR12661111;0;4;10;4;6;1
SRR12661117;0;2;4;4;3;1
SRR12661121;4;1;7;1;17;1
SRR12661123;1;0;5;0;1;0
SRR12661124;14;2;24;0;6;5
SRR12661125;2;0;3;1;4;2
SRR12661129;4;0;2;1;3;0
SRR12661130;0;0;7;2;7;0
SRR12661132;7;3;5;5;7;1
SRR12661141;5;0;4;0;4;3
SRR12661146;3;0;2;2;3;2
SRR12661153;4;2;5;1;2;3
SRR12661154;0;0;4;0;2;0
SRR12661157;1;0;2;1;6;2
SRR12661169;1;0;2;0;3;1
SRR12661178;6;1;14;3;7;3
SRR12661183;3;0;1;2;2;2
SRR12661185;0;1;1;0;8;2
SRR12661187;7;2;20;7;9;2
SRR12661192;0;1;3;2;6;2
SRR12661193;3;0;13;1;10;2
SRR12661194;2;0;3;0;2;1
SRR12661198;1;0;3;0;1;1
SRR12661200;0;0;4;0;3;0
SRR12661202;0;0;4;2;5;2
SRR12661208;5;3;10;2;2;2
SRR12661209;26;2;17;4;3;3
SRR12661214;1;0;2;4;4;3
SRR12763277;3;0;12;1;3;2
SRR12763292;1;1;1;0;2;2
SRR12763293;1;2;4;1;7;0
SRR12763310;4;2;14;7;7;0
SRR12763313;1;0;7;3;3;0
SRR12763319;1;0;3;1;1;0
SRR12763323;0;1;8;0;2;0
SRR12763329;4;1;4;2;5;0
SRR12763336;4;0;6;3;6;2
SRR12763339;0;2;1;1;2;2
SRR12763343;5;3;12;5;9;2
SRR12763434;17;1;20;5;14;4
SRR12763487;1;0;3;0;2;0
SRR12763497;7;0;22;3;6;1
SRR12763531;2;0;2;0;4;3
SRR12763539;4;1;10;1;5;2
SRR12763546;0;0;2;1;5;0
SRR12763556;3;0;0;0;5;1
SRR12763559;1;2;4;1;3;0
SRR12763576;6;1;17;0;7;3
SRR12763580;3;0;6;3;3;0
SRR12763597;3;0;3;2;6;0
SRR12763609;10;3;12;2;8;0
SRR12763619;1;2;8;0;0;1
SRR12763621;6;0;7;1;1;0
SRR12763627;1;0;2;0;2;1
SRR12763629;4;0;6;1;4;2
SRR12763649;3;1;11;0;7;1
SRR12763650;0;1;0;1;4;3
SRR12763658;3;0;5;2;8;3
SRR12833514;5;1;9;3;9;2
SRR12833520;1;0;3;1;2;0
SRR12833521;1;0;7;3;3;1
SRR12833522;14;6;4;1;5;2
SRR12833523;7;4;10;3;10;1
SRR12833526;1;0;5;0;2;0
SRR12833539;0;2;5;2;1;2
SRR12833556;0;1;3;0;2;1
SRR12833568;1;0;3;2;2;2
SRR12833571;0;0;1;1;4;1
SRR12833575;17;5;23;8;9;1
SRR12833607;1;1;0;2;2;1
SRR12833628;0;0;4;2;4;0
SRR12833632;3;0;5;2;5;3
SRR12833634;5;5;8;4;3;0
SRR12833642;0;0;7;0;2;0
SRR12833646;4;1;9;2;6;2
SRR12833648;0;0;1;0;4;1
SRR12833654;6;1;17;3;5;0
SRR12833676;2;2;4;1;2;1
SRR12833693;7;2;16;2;5;4
SRR12833706;1;4;6;3;2;2
SRR12833708;5;1;8;6;6;0
SRR12833709;1;0;4;6;2;1
SRR12833710;2;0;2;5;2;2
SRR12833718;10;1;17;1;2;0
SRR12833721;0;2;6;1;3;0
SRR12833731;1;0;1;1;5;1
SRR12833738;1;0;7;1;1;0
SRR12833747;2;0;4;0;0;0
SRR12833750;4;2;7;2;3;3
SRR12833751;2;0;3;1;4;1
SRR12833757;3;1;5;0;0;0
SRR12833761;4;1;2;7;4;2
SRR12833772;1;1;8;4;10;1
SRR12833794;1;0;11;3;7;1
SRR12833797;2;1;6;0;3;1
SRR12833798;1;1;7;0;4;0
SRR12833799;1;0;8;4;4;1
SRR12833802;5;1;2;0;2;1
SRR12833803;1;1;1;3;7;0
SRR12833830;1;1;3;2;2;1
SRR12833833;4;2;15;5;5;1
SRR12833836;11;3;38;4;10;2
SRR12833840;2;2;17;1;3;3
SRR12833842;9;2;6;5;4;2
SRR12833872;2;2;5;0;3;1
SRR12833875;13;3;35;3;5;2
SRR12833882;5;1;4;2;3;0
SRR12833890;16;3;12;9;18;1
SRR12833893;4;0;1;0;2;0
SRR12833919;5;4;5;1;2;0
SRR12833924;3;0;3;0;1;0
SRR12833927;3;4;3;5;6;5
SRR12833930;0;0;4;2;1;0
