C>A:G>T;C>G:G>C;C>T:G>A;T>A:A>T;T>C:A>G;T>G:A>C
SRR12351612;0;1;0;3;2;2
SRR12351622;0;0;4;2;1;0
SRR12351634;0;2;1;3;2;0
SRR12351645;1;1;1;2;2;0
SRR12351651;0;2;2;2;0;0
SRR12351655;0;1;4;2;1;0
SRR12351663;0;0;5;2;0;0
SRR12351672;0;2;3;3;0;0
SRR12351679;0;1;1;3;0;1
SRR12351697;1;2;2;3;0;0
SRR12351704;0;1;1;2;2;0
SRR12351735;0;2;1;2;1;0
SRR12351741;0;2;1;4;0;0
SRR12351742;1;0;3;2;0;0
SRR12351746;1;1;2;2;1;0
SRR12351762;0;1;1;3;2;0
SRR12351767;0;1;4;2;1;0
SRR12351813;0;1;0;3;1;1
SRR12351824;0;1;1;4;2;0
SRR12351833;1;1;1;3;1;0
SRR12661005;1;0;10;5;10;1
SRR12661007;5;2;9;2;5;1
SRR12661012;3;0;1;0;2;2
SRR12661023;1;2;15;0;1;2
SRR12661024;4;4;8;5;7;1
SRR12661026;3;0;3;1;4;2
SRR12661031;1;1;8;4;11;2
SRR12661054;1;0;5;0;0;1
SRR12661066;3;0;2;0;1;1
SRR12661073;1;0;7;2;2;1
SRR12661079;1;1;6;3;11;3
SRR12661080;3;5;21;4;12;0
SRR12661082;1;1;6;2;4;1
SRR12661091;5;0;14;1;11;1
SRR12661093;0;3;5;0;5;2
SRR12661096;2;2;20;1;4;1
SRR12661111;0;4;13;4;6;1
SRR12661117;0;2;5;4;3;1
SRR12661121;5;1;7;1;17;1
SRR12661123;1;0;6;0;1;0
SRR12661124;14;2;29;0;6;5
SRR12661125;2;0;4;1;4;2
SRR12661129;5;0;2;1;3;0
SRR12661130;0;0;8;2;7;0
SRR12661132;7;3;5;5;7;1
SRR12661141;5;0;4;0;4;3
SRR12661146;3;0;2;2;3;2
SRR12661153;4;2;5;1;2;3
SRR12661154;0;0;4;0;2;0
SRR12661157;1;0;3;1;6;2
SRR12661169;1;0;2;0;3;1
SRR12661178;6;1;16;3;7;3
SRR12661183;3;0;1;2;2;2
SRR12661185;0;1;1;1;8;2
SRR12661187;7;2;23;7;9;2
SRR12661192;0;1;3;2;6;2
SRR12661193;3;0;14;2;10;2
SRR12661194;2;0;3;0;2;1
SRR12661198;1;0;5;0;1;1
SRR12661200;0;0;4;0;3;0
SRR12661202;0;0;5;2;5;2
SRR12661208;5;3;11;2;2;2
SRR12661209;29;2;18;4;3;3
SRR12661214;1;0;3;4;4;3
SRR12763277;3;0;12;1;3;2
SRR12763292;1;1;1;0;2;2
SRR12763293;1;2;5;1;7;0
SRR12763310;5;2;16;7;7;0
SRR12763313;1;0;9;3;3;0
SRR12763319;1;0;4;1;1;0
SRR12763323;0;1;8;0;2;0
SRR12763329;4;1;5;2;5;0
SRR12763336;4;0;8;3;6;2
SRR12763339;0;2;1;1;2;2
SRR12763343;5;3;13;5;9;2
SRR12763434;17;1;21;5;14;4
SRR12763487;1;0;3;0;2;0
SRR12763497;9;0;24;3;6;1
SRR12763531;2;0;2;0;4;3
SRR12763539;4;1;10;1;5;2
SRR12763546;0;0;4;1;5;0
SRR12763556;3;0;0;0;5;1
SRR12763559;2;2;4;1;3;0
SRR12763576;7;1;18;0;7;3
SRR12763580;3;0;10;3;3;0
SRR12763597;5;0;3;2;6;0
SRR12763609;11;3;15;2;8;0
SRR12763619;1;2;9;0;0;1
SRR12763621;6;0;9;1;2;0
SRR12763627;1;0;2;0;2;1
SRR12763629;6;0;6;1;4;2
SRR12763649;3;1;12;0;7;1
SRR12763650;0;1;0;1;4;3
SRR12763658;3;0;7;2;8;3
SRR12833514;5;1;10;3;9;2
SRR12833520;1;0;3;1;2;0
SRR12833521;2;0;8;3;3;1
SRR12833522;15;6;4;1;5;2
SRR12833523;8;4;12;3;10;1
SRR12833526;2;0;7;0;2;0
SRR12833539;0;2;5;2;1;2
SRR12833556;0;1;3;0;2;1
SRR12833568;1;0;3;2;2;2
SRR12833571;0;0;1;1;4;1
SRR12833575;21;5;26;8;9;1
SRR12833607;1;1;0;2;2;1
SRR12833628;1;0;4;2;4;0
SRR12833632;3;0;5;3;5;3
SRR12833634;6;5;10;4;3;0
SRR12833642;0;0;8;0;2;0
SRR12833646;4;1;10;2;6;2
SRR12833648;0;0;1;0;4;1
SRR12833654;6;1;20;3;5;0
SRR12833676;2;2;4;1;2;1
SRR12833693;8;2;19;2;5;4
SRR12833706;2;4;8;3;2;2
SRR12833708;5;1;11;6;6;0
SRR12833709;1;0;4;6;2;1
SRR12833710;2;0;2;5;2;2
SRR12833718;10;1;17;1;2;0
SRR12833721;0;2;6;1;3;0
SRR12833731;1;0;1;1;5;1
SRR12833738;1;0;8;1;1;0
SRR12833747;2;0;4;0;0;0
SRR12833750;4;2;7;2;3;3
SRR12833751;2;0;3;1;5;1
SRR12833757;3;1;6;0;0;0
SRR12833761;4;1;3;7;4;2
SRR12833772;1;1;8;4;10;1
SRR12833794;2;0;11;3;7;1
SRR12833797;2;1;6;0;3;1
SRR12833798;1;1;8;0;4;0
SRR12833799;2;0;8;4;4;1
SRR12833802;5;1;3;0;2;1
SRR12833803;1;1;1;3;7;0
SRR12833830;1;1;4;1;2;1
SRR12833833;4;2;21;5;5;1
SRR12833836;11;3;43;4;10;2
SRR12833840;2;2;19;1;3;3
SRR12833842;11;2;6;5;4;2
SRR12833872;2;2;6;0;3;1
SRR12833875;13;3;36;3;6;2
SRR12833882;5;1;4;2;3;0
SRR12833890;16;3;15;9;18;1
SRR12833893;4;0;1;0;2;0
SRR12833919;4;4;6;1;2;0
SRR12833924;3;0;3;0;1;0
SRR12833927;3;4;3;5;6;5
